E_eV,f1,f2
0.42,-0.0075898,0.027563
0.46,-0.010026,0.030225
0.5,-0.012324,0.03301
0.54,-0.014832,0.035861
0.58,-0.017638,0.038968
0.62,-0.020155,0.042252
0.66,-0.02246,0.045148
0.7,-0.025692,0.047714
0.74,-0.029189,0.050556
0.78,-0.033172,0.053308
0.82,-0.03795,0.056339
0.86,-0.04316,0.060037
0.92,-0.050866,0.067232
1,-0.060446,0.077168
1.04,-0.066131,0.082146
1.16,-0.082743,0.10079
1.28,-0.099605,0.12215
1.32,-0.10532,0.13021
1.5,-0.12816,0.16971
1.77,-0.15499,0.23849
2.03,-0.17802,0.31298
2.13,-0.18493,0.34615
2.22,-0.18715,0.3786
2.33,-0.18725,0.42083
2.42,-0.17853,0.45499
2.53,-0.16614,0.49506
2.63,-0.147,0.52533
2.72,-0.12759,0.54386
2.83,-0.11161,0.56642
2.92,-0.096542,0.57777
3.03,-0.08636,0.59333
3.13,-0.081916,0.60413
3.22,-0.07947,0.61408
3.33,-0.08306,0.63937
3.42,-0.079461,0.66013
3.53,-0.071631,0.69026
3.63,-0.059679,0.71615
3.72,-0.04339,0.73282
3.83,-0.030663,0.7538
3.92,-0.01606,0.76287
4.03,-0.0056582,0.78083
4.13,0.0059424,0.79332
4.22,0.018613,0.80035
4.32,0.029258,0.80947
4.4,0.033724,0.81612
4.5,0.038802,0.82895
4.6,0.044232,0.8404
4.7,0.053872,0.8504
4.8,0.056188,0.85486
4.9,0.058554,0.86577
5,0.065323,0.87533
5.21,0.061469,0.88421
5.3,0.048931,0.89544
5.39,0.035425,0.91093
5.51,0.031732,0.93079
5.61,0.027411,0.95392
5.71,0.017038,0.99391
5.79,0.017519,1.0161
5.9,0.024255,1.049
5.99,0.037501,1.0813
6.11,0.052025,1.1185
6.2,0.073657,1.1316
6.29,0.082702,1.1578
6.39,0.10669,1.1807
6.49,0.13207,1.196
6.6,0.15176,1.2065
6.7,0.17203,1.2277
6.81,0.20196,1.2198
6.89,0.19847,1.2321
7.13,0.24796,1.2575
7.38,0.29411,1.2618
7.52,0.32508,1.2511
7.61,0.34299,1.2408
7.7,0.34083,1.229
7.8,0.34973,1.2188
7.9,0.34789,1.2067
8,0.35675,1.1929
8.1,0.3543,1.1886
8.21,0.3405,1.1741
8.32,0.33763,1.1697
8.49,0.32645,1.1551
8.61,0.30992,1.1493
8.73,0.29207,1.155
8.92,0.26334,1.1504
9.05,0.24254,1.1556
9.25,0.20867,1.1477
9.54,0.12683,1.1732
9.76,0.082967,1.2113
10,0.034839,1.2716
10.3,0,1.3306
10.5,-0.019205,1.3828
10.8,-0.060955,1.4223
11.1,-0.10731,1.4809
11.3,-0.1557,1.5348
11.5,-0.20733,1.5896
11.7,-0.23845,1.6453
12,-0.32609,1.7559
12.3,-0.36895,1.8711
12.501,-0.40827,1.9869
13.101,-0.4484,2.3018
13.301,-0.40057,2.4651
13.501,-0.38097,2.5398
13.801,-0.33174,2.7202
13.901,-0.30291,2.7598
14.301,-0.21373,2.9209
14.601,-0.11139,3.0448
14.801,-0.038156,3.1288
14.901,0,3.1712
15.301,0.12233,3.2622
15.501,0.1674,3.348
15.701,0.21469,3.392
16.101,0.36123,3.4768
16.301,0.37025,3.5174
16.501,0.42682,3.5568
16.801,0.49165,3.6382
17.001,0.50342,3.675
17.201,0.56687,3.7104
17.501,0.64017,3.841
17.701,0.70946,3.8747
18.001,0.73371,3.9507
18.201,0.86551,4.039
18.801,1.0466,4.1866
19.101,1.1439,4.3213
19.401,1.3112,4.3925
19.701,1.4873,4.3942
20.001,1.6026,4.4594
20.301,1.7946,4.4506
20.701,1.9407,4.4785
21.001,1.9973,4.4556
21.801,2.318,4.4704
22.101,2.4673,4.4241
22.501,2.6456,4.4093
23.001,2.8566,4.4232
25.097,3.73013,4.52471
25.149,3.7918,4.49679
25.199,3.77215,4.38429
25.251,3.76728,4.45575
25.302,3.83951,4.44286
25.354,3.84213,4.3674
25.458,3.9101,4.37273
25.562,3.95088,4.29583
25.723,4.02418,4.22117
25.775,3.99912,4.166
25.883,4.04609,4.15787
25.939,3.9936,4.09956
26.268,4.02939,3.97303
26.323,4.06501,3.9781
26.72,4.09701,3.80366
26.837,4.08616,3.76394
27.2627,4.10045,3.61827
27.6953,4.06366,3.48869
28.1346,4.00733,3.38437
28.581,3.98069,3.28316
29.0344,3.90677,3.20144
29.495,3.85583,3.13285
29.9629,3.80006,3.06573
30.4382,3.74215,3.00005
30.9211,3.67669,2.93577
31.4116,3.60729,2.87288
31.91,3.51437,2.81132
32.4162,3.42234,2.75109
32.9305,3.3139,2.71317
33.4529,3.20284,2.67744
33.9836,3.08187,2.64218
34.5227,2.94783,2.61952
35.0704,2.81196,2.60871
35.6267,2.67587,2.59793
36.1919,2.5307,2.5872
36.7661,2.36717,2.57652
37.3494,2.20023,2.56587
37.9419,1.99838,2.55528
38.5438,1.77847,2.54307
39.1553,1.52344,2.50816
39.7764,1.20755,2.47373
40.4075,0.802418,2.43978
41.0485,0.259961,2.40629
41.187,0.100085,2.39918
41.462,-0.223507,2.41674
41.606,-0.447183,2.44467
41.742,-0.646299,2.4965
41.887,-0.894937,2.58747
42.172,-1.30836,2.86616
42.753,-1.95202,3.65213
43.049,-2.13797,4.01574
43.654,-2.66367,4.68713
43.963,-2.96949,5.16795
44.6604,-3.49045,6.82643
44.917,-3.44412,7.55409
45.244,-3.08693,8.34148
45.578,-2.63815,9.02259
45.751,-2.37309,9.31124
46.258,-1.59317,9.9003
46.958,-0.659826,10.3693
47.703,0.16557,10.6267
48.4597,0.806073,10.8904
49.2285,1.58233,11.1441
50.0095,2.28192,11.0334
50.8028,2.63499,10.9476
51.6088,2.7845,11.039
52.4275,2.98569,11.3119
53.2592,3.40451,11.6494
54.1042,3.93917,12.0056
54.9625,4.68371,12.1635
55.8344,5.37686,12.1708
56.7202,5.99393,12.0321
57.62,6.46832,11.895
58.5341,6.92974,11.7594
59.4627,7.3568,11.5901
60.406,7.7429,11.412
61.3643,8.09821,11.2367
62.3378,8.43474,11.064
63.3268,8.75357,10.894
64.3314,9.07319,10.7266
65.352,9.39084,10.5618
66.3887,9.71135,10.3514
67.4419,10.0035,10.1302
68.5119,10.2811,9.91377
69.5988,10.5773,9.70192
70.7029,10.881,9.42073
71.8245,11.1596,9.09838
72.964,11.381,8.69739
74.1215,11.512,8.29063
75.2974,11.5731,7.90287
76.4919,11.5714,7.53328
77.7054,11.5205,7.21161
78.9381,11.4486,6.95253
80.1904,11.3423,6.70275
81.4626,11.201,6.51866
82.7549,11.0608,6.3861
84.0678,10.938,6.32831
85.4015,10.8481,6.3092
86.7563,10.7866,6.31936
88.1326,10.765,6.36082
89.5308,10.813,6.40256
90.9511,10.9405,6.44458
92.394,11.0964,6.40419
93.8597,11.2661,6.31344
95.3487,11.375,6.09753
96.8614,11.4335,5.88358
98.398,11.4252,5.66917
99.959,11.3515,5.46258
101.545,11.1894,5.34951
103.156,11.0313,5.29654
104.792,10.906,5.3391
106.455,10.8643,5.38225
108.144,10.8512,5.43725
109.72,10.8682,5.48832
110.7,10.9025,5.46484
112.456,10.8842,5.49639
114.24,10.9114,5.52811
116.053,10.9543,5.56002
117.894,11.0129,5.59212
119.764,11.1085,5.613
121.664,11.1848,5.57918
123.594,11.2462,5.54558
125.555,11.2941,5.51218
127.547,11.3269,5.48471
129.57,11.3644,5.49646
131.626,11.4226,5.50824
133.714,11.5435,5.52004
135.835,11.6747,5.4317
137.99,11.7687,5.3158
140.179,11.7631,5.18695
142.403,11.7056,5.08465
144.662,11.6329,5.05497
146.957,11.5771,5.06903
149.288,11.5575,5.13165
151.657,11.5643,5.19505
154.062,11.6027,5.25922
156.507,11.6633,5.32419
158.989,11.7542,5.38997
161.512,11.8955,5.41089
164.074,12.0043,5.39091
166.677,12.1031,5.36757
169.321,12.1924,5.32897
172.007,12.2538,5.29064
174.736,12.3154,5.28321
177.508,12.4021,5.28591
180.324,12.5535,5.28481
183.185,12.7126,5.20113
186.091,12.8295,5.06855
189.043,12.8816,4.92243
192.042,12.9012,4.79003
195.089,12.8908,4.69123
198.184,12.8448,4.59447
201.328,12.7996,4.57151
204.521,12.7905,4.56261
207.766,12.7977,4.55374
211.062,12.8125,4.54488
214.41,12.8307,4.53808
217.812,12.8665,4.53965
221.267,12.9133,4.54122
224.778,12.9735,4.51235
228.344,13.0214,4.47253
231.966,13.0612,4.43305
235.646,13.0952,4.39393
239.384,13.1262,4.3599
243.182,13.163,4.33909
245,13.1839,4.32928
247.94,13.2376,4.30464
251.873,13.3071,4.2375
255.869,13.3611,4.16893
259.928,13.3904,4.06603
264.052,13.4002,3.96568
268.241,13.3864,3.8678
272.496,13.3269,3.78001
276.819,13.2522,3.73823
277.99,13.2295,3.72711
281.46,13.1927,3.73886
284.36,13.1564,3.7317
287.33,13.1376,3.76712
289,13.1278,3.78188
290.02,13.1393,3.80956
291.39,13.1383,3.80235
294.15,13.1743,3.82746
298.816,13.2425,3.81961
303.557,13.3175,3.78804
308.373,13.3563,3.70727
313.265,13.3675,3.61461
318.234,13.3313,3.54711
323.283,13.2948,3.50407
325.41,13.317,3.48629
326.26,13.308,3.44863
327.13,13.2712,3.46712
332.32,13.3303,3.40515
337.592,13.3136,3.33968
342.947,13.2753,3.26503
348.388,13.2291,3.19205
353.915,13.1663,3.12404
359.36,13.0825,3.08179
362.51,13.0629,3.04429
364.64,13.021,3.03425
367.9,12.9724,2.99409
368.98,12.9578,3.012
371.2,12.9415,2.976
373.43,12.8926,2.98788
374.55,12.9071,2.95703
376.83,12.9049,2.96805
382.808,12.8087,2.92648
388.881,12.7353,2.88549
395.05,12.6576,2.84507
399.93,12.5642,2.81394
401.22,12.5588,2.83194
405.16,12.5271,2.77814
411.588,12.4132,2.72332
418.117,12.2952,2.66958
424.75,12.1644,2.61919
431.489,12.0185,2.57002
438.334,11.8573,2.52178
445.288,11.6788,2.47444
452.352,11.4811,2.42853
458.51,11.2929,2.38984
460.56,11.1864,2.37776
460.89,11.2015,2.3937
462.27,11.0639,2.37174
468.22,10.9993,2.3392
469.28,10.8824,2.33754
476.725,10.5461,2.29562
479.07,10.4426,2.2827
479.43,10.4498,2.30101
480.17,10.4555,2.27726
487.788,10.0713,2.24451
488.52,9.98838,2.24141
488.86,10.0432,2.22726
490.41,9.91037,2.24705
491.61,9.92485,2.22521
499.409,9.5062,2.19497
499.92,9.44094,2.19302
500.33,9.48717,2.17318
508.267,8.84233,2.13056
508.55,8.85581,2.12907
513.17,8.56324,2.10149
513.61,8.50224,2.08616
517.03,8.21936,2.08216
525.232,7.45017,2.03891
530.29,6.86496,2.01302
532.56,6.58249,2.0348
535.32,6.20554,1.99573
539.53,5.58082,1.99409
548.089,3.89967,1.93087
551.02,3.13587,1.90991
551.53,2.89301,1.89328
552.02,2.80776,1.90383
552.49,2.62868,1.93549
552.99,2.55281,1.89761
557.99,0.465139,1.87753
558.45,0.297603,1.86045
559.48,-0.181381,1.87425
565.09,-4.24513,1.86581
567.06,-6.55907,1.88493
568.62,-9.09915,1.93087
569.15,-10.1835,1.97838
569.65,-11.334,1.99279
570.2,-12.8869,2.04404
571.24,-16.9314,2.21576
571.76,-19.6016,2.72789
572.06,-21.4963,2.93786
572.29,-23.3098,3.21554
572.59,-26.2653,3.94884
572.81,-28.8117,4.98165
573.1,-32.5132,7.37924
573.36,-35.5311,10.7055
573.63,-37.9309,15.1903
574,-41.8065,20.2126
574.2,-43.3712,28.623
574.54,-42.35,37.6066
575.07,-33.8104,57.5456
575.34,-19.9447,62.5066
575.6,-13.832,61.2332
576.67,9.95913,41.651
578.02,11.7947,27.5276
579.37,7.22823,18.5927
579.91,4.4033,16.4029
580.46,0.574588,15.1991
581,-3.34197,15.0553
581.54,-8.68274,16.14
582.09,-15.2502,19.651
583.18,-18.0137,42.8923
583.46,-12.4228,50.4039
583.73,-5.2832,54.0121
584.01,2.58771,54.2401
584.28,8.66843,52.5685
584.84,15.4975,46.1147
586.22,22.3537,32.4456
587.61,21.2055,25.0798
589,18.5774,21.2744
589.56,18.0383,20.3403
591.99,16.1735,19.7804
593.96,16.3213,18.3122
595.09,16.0457,17.3985
596.81,15.4453,16.5048
598.84,14.9361,15.9911
601.46,14.647,15.3773
604.08,14.2678,14.6829
606.75,13.8531,14.4254
608.84,13.7671,14.3999
611.83,13.7152,13.8884
614.25,13.3958,13.6701
615.47,13.2324,13.6592
616.08,13.1625,13.688
617.03,13.0772,13.7244
617.65,13.0429,13.8221
620.41,13.2499,13.8762
622.91,13.2916,13.5857
625.09,13.0406,13.4093
627.61,12.7827,13.5874
631.15,12.7852,14.0852
635.34,13.1082,14.4143
637.96,13.5615,14.6787
640.93,14.0515,14.454
647.99,14.626,13.8205
652.04,14.4925,13.3267
655.16,14.4247,13.3095
663.2,14.6667,13.8662
665.73,15.0185,13.8204
669.68,15.2677,13.2818
672.21,15.174,12.9914
675.88,14.9264,12.8117
680.32,14.558,12.8202
681.44,14.447,12.8582
682.59,14.361,12.9896
685.21,14.1644,13.2511
686.73,14.2254,13.552
690.56,14.438,14.0372
696,15.0323,14.4316
702.68,15.7835,14.5354
713.828,16.8648,14.2108
714.02,16.878,14.2053
720.64,17.1603,13.7493
726.54,17.3057,13.5207
728.29,17.261,13.4002
732.17,17.2867,13.354
736.06,17.1698,13.3977
737.37,17.2259,13.3577
749.068,17.753,13.7827
752.11,17.9877,13.8943
753.49,17.9684,13.8453
755.38,18.193,13.9173
756.28,18.2103,13.8498
759.05,18.4663,13.8537
759.97,18.4719,13.7859
762.79,18.7134,13.7805
763.71,18.7278,13.7122
764.68,18.8082,13.7485
765.63,18.8589,13.6805
766.58,18.9354,13.7164
767.53,18.9894,13.648
768.91,19.1656,13.7011
770.84,19.2985,13.3544
772.3,19.316,13.3988
773.28,19.2947,13.3298
775.64,19.4864,13.313
778.57,19.6385,13.0939
780.1,19.7494,13.0425
781.51,19.7044,12.8729
784.53,19.8501,12.7579
787.46,19.8273,12.5331
789.99,19.8739,12.3976
791.99,19.77,12.3507
793.01,19.8541,12.2686
794.53,19.7247,12.3118
795.6,19.8403,12.2399
796.64,19.7456,12.2756
797.6,19.8706,12.1918
799.14,19.7455,12.2351
800.15,19.8903,12.1517
801.22,19.7733,12.1877
802.28,19.9243,12.1047
803.84,19.7916,12.1581
804.29,20.0007,12.0555
805.38,19.827,12.0918
806.42,19.9804,12.0078
807.41,19.837,12.0325
808.51,20.0082,11.9589
809.61,19.8407,11.9852
810.68,20.0439,11.9009
811.69,19.8326,11.9358
812.76,20.1246,11.8511
825.654,19.7656,11.9652
838.752,20.2201,12.0555
852.058,20.6672,11.7593
865.576,21.03,11.4703
879.307,21.3052,11.1885
893.257,21.5346,10.9136
907.428,21.7376,10.6454
921.823,21.9143,10.3838
936.448,22.0769,10.1412
951.304,22.2283,9.9051
966.395,22.3695,9.67445
981.726,22.5013,9.44916
997.301,22.6237,9.22913
1013.12,22.7374,9.01421
1029.19,22.8432,8.8043
1045.52,22.9416,8.5993
1062.11,23.0331,8.39905
1078.96,23.1183,8.20346
1096.07,23.1974,8.01244
1113.46,23.2711,7.82585
1131.13,23.3396,7.64363
1149.07,23.4032,7.46563
1167.3,23.4623,7.29179
1185.82,23.5172,7.12199
1204.63,23.5681,6.95614
1223.74,23.6153,6.79416
1243.16,23.6591,6.63595
1262.88,23.6997,6.48143
1282.91,23.7372,6.3305
1303.26,23.772,6.18309
1323.94,23.8042,6.0391
1344.94,23.8341,5.89847
1366.28,23.8618,5.76113
1387.95,23.8876,5.62697
1409.97,23.9117,5.49594
1432.34,23.9342,5.36796
1455.06,23.9572,5.24296
1478.15,23.9801,5.12087
1501.6,24.004,4.99709
1525.42,24.0239,4.86847
1549.62,24.0374,4.74317
1574.2,24.0473,4.62108
1599.18,24.0543,4.50214
1624.55,24.0589,4.38626
1650.32,24.0614,4.27337
1676.5,24.062,4.16338
1703.1,24.0609,4.05622
1730.11,24.0582,3.95181
1757.56,24.0542,3.8501
1785.44,24.049,3.751
1813.77,24.0425,3.65446
1842.54,24.0351,3.5604
1871.77,24.0267,3.46876
1901.47,24.0174,3.37948
1931.63,24.0073,3.29249
1962.28,23.9966,3.20775
1993.41,23.9853,3.12518
2025.03,23.9735,3.04475
2057.16,23.9622,2.96638
2089.79,23.9507,2.89003
2122.94,23.9386,2.81229
2156.62,23.9247,2.7365
2190.84,23.9094,2.66274
2225.59,23.8933,2.59097
2260.9,23.8763,2.52114
2296.77,23.8587,2.45318
2333.2,23.8405,2.38707
2370.22,23.8218,2.32273
2407.82,23.8026,2.26012
2446.02,23.783,2.19921
2484.82,23.7629,2.13993
2524.24,23.7426,2.08225
2564.29,23.7219,2.02613
2604.97,23.7008,1.97152
2646.29,23.6795,1.91838
2688.28,23.658,1.86668
2730.92,23.6361,1.81637
2774.25,23.614,1.76741
2818.26,23.5917,1.71977
2862.97,23.5691,1.67342
2908.39,23.5463,1.62831
2954.53,23.5232,1.58443
3001.4,23.5,1.54173
3049.01,23.4765,1.50017
3097.38,23.4527,1.45974
3146.52,23.4287,1.42039
3196.44,23.4044,1.38211
3247.15,23.3799,1.34486
3298.66,23.355,1.30861
3350.99,23.3299,1.27334
3404.15,23.3044,1.23902
3458.16,23.2785,1.20562
3513.02,23.2523,1.17313
3568.75,23.2256,1.14151
3625.37,23.1985,1.11074
3682.88,23.1709,1.0808
3741.31,23.1427,1.05167
3800.66,23.1139,1.02333
3860.95,23.0845,0.995747
3922.2,23.0542,0.968907
3984.43,23.0232,0.942793
4047.64,22.9913,0.917383
4111.85,22.9584,0.892655
4177.08,22.9243,0.868596
4243.35,22.889,0.845186
4310.66,22.8522,0.822404
4379.05,22.8139,0.800239
4448.52,22.7737,0.778671
4519.09,22.7316,0.757684
4590.78,22.687,0.737261
4663.61,22.6398,0.71739
4737.6,22.5895,0.698055
4812.76,22.5356,0.679239
4889.11,22.4774,0.660932
4966.67,22.4142,0.643119
5045.46,22.345,0.625786
5125.5,22.2684,0.608918
5206.82,22.1828,0.592506
5289.42,22.0856,0.576537
5373.33,21.9736,0.560996
5458.58,21.8416,0.545877
5545.17,21.6817,0.531164
5633.14,21.4802,0.516847
5722.51,21.2109,0.502917
5813.29,20.8127,0.489362
5905.52,20.0761,0.476172
5988.92,14.5038,0.46472
5989.12,12.9403,0.0905398
5989.2,11.3003,0.466772
5989.3,-39.3223,3.84481
6084.32,20.3878,3.75403
6180.84,21.1962,3.66539
6278.89,21.6807,3.57883
6378.5,22.0291,3.49433
6479.69,22.3011,3.41182
6582.49,22.5236,3.33126
6686.91,22.7112,3.2526
6793,22.8728,3.1758
6900.76,23.0142,3.10081
7010.24,23.1395,3.02759
7121.45,23.2516,2.9561
7234.43,23.3527,2.8863
7349.2,23.4449,2.81815
7465.79,23.5311,2.7516
7584.22,23.6104,2.68469
7704.54,23.6824,2.61497
7826.77,23.7464,2.54705
7950.93,23.8042,2.4809
8077.07,23.8568,2.41647
8205.21,23.9047,2.35371
8335.38,23.9485,2.29259
8467.61,23.9887,2.23305
8601.94,24.0254,2.17505
8738.41,24.0592,2.11856
8877.04,24.0902,2.06355
9017.86,24.1187,2.00995
9160.92,24.145,1.95775
9306.25,24.1692,1.90691
9453.89,24.1915,1.85739
9603.87,24.2121,1.80915
9756.23,24.2312,1.76216
9911,24.2495,1.7164
10068.2,24.2674,1.67182
10228,24.2837,1.62546
10390.2,24.2972,1.58024
10555.1,24.3089,1.53628
10722.5,24.3192,1.49353
10892.6,24.3281,1.45198
11065.4,24.3359,1.41159
11241,24.3426,1.37231
11419.3,24.3484,1.33414
11600.4,24.3532,1.29702
11784.5,24.3573,1.26094
11971.4,24.3606,1.22585
12161.3,24.3633,1.19175
12354.3,24.3653,1.1586
12550.3,24.3667,1.12636
12749.4,24.3676,1.09503
12951.6,24.3681,1.06456
13157.1,24.3681,1.03494
13365.8,24.3676,1.00615
13577.9,24.3669,0.978159
13793.3,24.3658,0.950946
14012.1,24.3644,0.924488
14234.4,24.3628,0.898769
14460.2,24.3612,0.873765
14689.6,24.3595,0.849001
14922.6,24.3572,0.824512
15159.4,24.3545,0.800729
15399.9,24.3514,0.777631
15644.2,24.348,0.7552
15892.3,24.3444,0.733417
16144.5,24.3406,0.71226
16400.6,24.3366,0.691715
16660.8,24.3324,0.671763
16925.1,24.3281,0.652386
17193.6,24.3237,0.633567
17466.3,24.3191,0.615292
17743.4,24.3145,0.597544
18024.9,24.3098,0.580307
18310.9,24.305,0.563568
18601.4,24.3002,0.547312
18896.5,24.2954,0.531524
19196.2,24.2905,0.516192
19500.8,24.2855,0.501303
19810.1,24.2806,0.486843
20124.4,24.2756,0.472799
20443.7,24.2706,0.459161
20768,24.2657,0.445917
21097.5,24.2607,0.433053
21432.2,24.2558,0.420562
21772.2,24.2509,0.408431
22117.6,24.246,0.396649
22468.4,24.2411,0.385208
22824.9,24.2362,0.374097
23187,24.2314,0.363305
23554.8,24.2267,0.352826
23928.5,24.222,0.342649
24308.1,24.2173,0.332765
24693.7,24.2127,0.323166
25085.5,24.2082,0.313844
25483.5,24.2038,0.304792
25887.7,24.1995,0.295999
26298.4,24.1954,0.287298
26715.6,24.1912,0.278625
27139.4,24.1869,0.270205
27570,24.1826,0.262031
28007.4,24.1783,0.254095
28451.7,24.174,0.246392
28903.1,24.1698,0.238915
29361.6,24.1656,0.231657
29827.4,24.1614,0.224612
30000,24.1599,0.222082
