E_eV,f1,f2
10,-9999,2.2382
10.1447,-9999,2.20464
10.3088,-9999,2.17288
10.4756,-9999,2.14408
10.645,-9999,2.11566
10.8172,-9999,2.09307
10.9921,-9999,2.12057
11.1699,-9999,2.20711
11.3506,-9999,2.32651
11.5342,-9999,2.50051
11.7207,-9999,2.70468
11.9103,-9999,2.90608
12.1029,-9999,3.10741
12.2987,-9999,3.30207
12.4976,-9999,3.47987
12.6997,-9999,3.65905
12.9052,-9999,3.8317
13.1139,-9999,3.99671
13.2,-9999,4.06604
13.4,-9999,4.14903
13.6167,-9999,4.28511
13.8,-9999,4.40189
14,-9999,4.48484
14.2,-9999,4.61366
14.4,-9999,4.68521
14.6,-9999,4.78024
14.8361,-9999,4.92749
15.0761,-9999,5.08904
15.32,-9999,5.27782
15.4,-9999,5.34063
15.6,-9999,5.57004
15.8,-9999,5.76754
16.0556,-9999,6.10461
16.3152,-9999,6.46138
16.5791,-9999,6.83899
16.8473,-9999,7.15482
17.1198,-9999,7.4778
17.3967,-9999,7.81536
17.4,-9999,7.81949
17.6,-9999,8.00166
17.8847,-9999,8.15603
18.1739,-9999,8.31339
18.4,-9999,8.43669
18.6,-9999,8.46479
18.9008,-9999,8.37323
19,-9999,8.34358
19.2,5.20954,8.31758
19.5105,5.55318,8.20842
19.8261,5.83296,8.10068
20.1468,6.08563,7.99436
20.4726,6.32197,7.88943
20.8038,6.54462,7.78587
21.1403,6.75545,7.68369
21.4822,6.94723,7.59194
21.8,7.13155,7.53526
22,7.2872,7.5141
22.3558,7.54382,7.40221
22.7174,7.8279,7.26913
23,8.04828,7.13196
23.2,8.20198,7.01413
23.5752,8.43173,6.72563
23.8,8.56012,6.56063
24,8.63892,6.40783
24.3882,8.76673,6.04135
24.4,8.78171,6.03061
24.6,8.78027,5.88373
24.9979,8.78793,5.56663
25,8.79451,5.56501
25.4,8.78192,5.36448
25.8108,8.80884,5.10496
26.2283,8.78624,4.858
26.6525,8.74684,4.62299
27.0836,8.69546,4.39935
27.5217,8.64475,4.15808
27.9668,8.5457,3.90057
28.4191,8.40811,3.659
28.8788,8.23954,3.4324
29.3459,8.04072,3.21983
29.8205,7.80668,3.02042
30.3028,7.51286,2.83337
30.793,7.19169,2.75214
31.291,6.89336,2.68998
31.7971,6.56777,2.62922
32.3114,6.20519,2.64651
32.834,5.88145,2.70805
33.3651,5.55201,2.77103
33.9048,5.19658,2.88268
34.4531,4.87012,3.0258
35.0104,4.54167,3.17602
35.5766,4.18396,3.3337
36.1521,3.74406,3.52307
36.7368,3.29256,3.85938
37.331,2.88452,4.22779
37.9348,2.41946,4.63138
38.5484,1.90217,5.07349
39.1718,1.13881,5.83319
39.8054,0.839567,7.10494
40.4492,0.90621,8.5742
41.1035,1.21934,9.55601
41.7683,1.69776,10.6502
42.4439,2.33239,11.5398
43.1304,3.23612,12.4914
43.8279,4.28586,12.8588
44.5368,5.06363,13.1002
45.2572,5.77948,13.3462
45.9892,6.48792,13.5968
46.733,7.19499,13.7169
47.4889,7.87006,13.7968
48.257,8.46744,13.8772
49.0375,9.03299,13.958
49.8306,9.6104,14.0873
50.6366,10.2425,14.2381
51.4556,11.0167,14.3904
52.2879,11.8614,14.5444
53.1336,12.7958,14.3024
53.993,13.6213,14.0002
54.8663,14.371,13.6925
55.7537,15.0518,13.2537
56.6555,15.7585,12.829
57.5718,16.4484,12.4179
58.503,17.0968,11.7007
59.4492,17.5301,10.8716
60.4108,17.5934,10.1012
60.5,17.5035,10.0331
60.75,17.7292,10.4822
61,18.2686,10.1299
61.25,18.1376,9.26469
61.5,17.8324,9.49797
61.75,18.1266,9.64907
62,18.2153,8.98189
62.25,17.989,8.94557
62.5,18.0257,9.13384
62.75,18.4266,9.12316
63,18.4777,8.47376
63.25,18.3478,8.36029
63.5,18.2808,8.40188
63.75,18.4281,8.19366
64,18.5036,8.2293
64.25,18.2522,7.44827
64.5,18.3596,8.52242
64.75,18.8347,7.64205
65,18.6546,7.30402
65.25,18.5,7.22291
65.5,18.4072,7.09348
65.75,18.4753,7.25067
65.999,18.5795,6.97852
66.25,18.5986,6.89767
66.75,18.6938,6.66086
67.5,18.6816,6.07085
67.75,18.7209,6.01022
68,18.7338,5.77271
68.5,18.6469,5.49419
68.75,18.6046,5.28664
69,18.5224,5.14681
69.25,18.4643,5.08478
69.5,18.4138,4.89222
69.75,18.3206,4.84541
70,18.262,4.73206
70.25,18.2365,4.7283
70.5,18.2674,4.59901
70.75,18.2076,4.41675
71,18.1556,4.35222
71.25,18.0556,4.17081
71.5,17.9327,4.11991
71.75,17.8709,4.13939
72,17.8754,4.04662
72.25,17.8281,3.97945
72.5,17.7803,3.86676
72.75,17.7055,3.85273
73.25,17.6603,3.67929
73.5,17.5895,3.65415
73.75,17.5756,3.58906
74,17.5169,3.50218
74.25,17.4635,3.45713
74.5,17.4253,3.44584
75,17.3677,3.28343
76,17.256,3.03419
77,17.1062,2.77284
77.25,17.058,2.70452
77.5,17.021,2.65231
78.5,16.8174,2.41878
78.75,16.7797,2.3719
79.5,16.6212,2.21214
80,16.5228,2.12372
81,16.3054,1.95986
81.75,16.1571,1.86056
82,16.0996,1.82112
82.25,16.0573,1.79805
82.75,15.949,1.73947
84.0884,15.6862,1.61784
84.25,15.6731,1.60386
85,15.5629,1.55302
85.25,15.5038,1.50288
86,15.3621,1.4639
86.5,15.2824,1.43164
86.75,15.2317,1.42941
87,15.2038,1.41247
87.25,15.1578,1.40706
87.5,15.1129,1.38653
88.9152,14.918,1.33199
89.25,14.8743,1.31953
90.001,14.7729,1.28227
91.001,14.633,1.24929
91.25,14.6058,1.24483
91.5,14.5715,1.23497
91.75,14.5459,1.23131
92.25,14.4792,1.20965
92.5,14.4526,1.20519
92.75,14.4185,1.19436
93.25,14.3567,1.18143
93.75,14.2939,1.17389
94,14.2675,1.1653
94.25,14.2329,1.16232
95,14.1473,1.14332
95.5,14.0853,1.14146
96,14.0276,1.13176
97,13.9105,1.12572
97.25,13.8869,1.12807
97.75,13.8336,1.12304
99.331,13.6664,1.12836
99.5,13.6501,1.12892
100,13.6008,1.12422
101,13.5073,1.15054
101.5,13.4642,1.14034
102,13.4137,1.1431
102.5,13.3678,1.16962
103,13.334,1.16396
103.5,13.2949,1.18771
104,13.2659,1.17972
104.5,13.2191,1.18491
105,13.1842,1.19752
105.5,13.1439,1.20176
106,13.1094,1.21224
106.5,13.0772,1.22801
107,13.0502,1.22468
107.5,13.0148,1.23528
108,12.9785,1.23181
108.5,12.943,1.25392
109,12.9208,1.26327
109.5,12.8959,1.26128
111.271,12.7793,1.28224
111.5,12.7662,1.28495
112,12.7362,1.28415
112.5,12.7074,1.29673
113.5,12.6366,1.31002
114,12.6121,1.32977
114.5,12.5839,1.332
115.5,12.5292,1.36794
116,12.5092,1.37159
116.5,12.4882,1.38204
117,12.4604,1.38587
118,12.4148,1.41934
118.5,12.3923,1.41969
119,12.3743,1.4362
119.5,12.3491,1.4451
120,12.3459,1.46173
121.5,12.3049,1.46901
122,12.2813,1.45494
123,12.2215,1.46036
124,12.1743,1.47359
125,12.1186,1.49514
126,12.0742,1.50402
128,12.0244,1.57421
129,11.985,1.54527
130,11.9253,1.56134
131,11.8877,1.59716
132,11.8578,1.60038
134,11.7785,1.62488
135,11.7325,1.6229
136,11.6977,1.65645
138,11.5999,1.67539
139,11.574,1.71228
140,11.5454,1.72262
141,11.4971,1.70564
142,11.4468,1.76297
143,11.4225,1.76841
144,11.3836,1.80146
146,11.3231,1.81816
147,11.2794,1.85414
148,11.2535,1.87819
149,11.227,1.88871
151,11.1628,1.93743
152,11.143,1.94694
153,11.117,1.9676
154,11.0945,1.97101
156,11.0431,2.0033
158.523,10.972,2.01755
160,10.9268,2.02584
161,10.8926,2.02529
162,10.853,2.04178
163,10.8308,2.03621
165.636,10.718,2.06109
167,10.6599,2.07392
168,10.6246,2.06447
169,10.5839,2.10381
170,10.5598,2.09633
172,10.4756,2.12064
173,10.4475,2.11404
175,10.3556,2.13189
176,10.322,2.11976
178.847,10.1719,2.166
179,10.1683,2.1685
181,10.0698,2.15687
182,10.0188,2.18161
183,9.96933,2.18829
184,9.92972,2.21208
185,9.88437,2.19724
186,9.80975,2.19402
187,9.72246,2.2131
188,9.68785,2.29181
190,9.61924,2.32368
191,9.58679,2.33252
192,9.54296,2.32884
193,9.50024,2.33938
195,9.39084,2.33286
197,9.27785,2.35548
200,9.082,2.3696
201,9.04361,2.39941
203,8.90831,2.38219
204,8.84821,2.40118
205,8.77592,2.39285
206,8.72659,2.40659
209.332,8.45788,2.42222
212,8.24425,2.43463
215,7.98959,2.46663
216,7.89337,2.45939
218,7.69638,2.48544
220,7.49359,2.48963
222,7.27084,2.51004
223,7.14371,2.50513
225,6.86336,2.51774
226,6.70448,2.53945
227,6.4818,2.53091
228,6.35222,2.75666
229,6.27253,2.73945
230,6.10332,2.74607
231,5.95109,2.87667
232,5.8593,2.92282
233,5.7169,2.94456
234,5.57309,3.00377
235,5.42136,3.04436
236,5.2593,3.06937
237,5.04452,3.10966
240,4.37525,3.45913
241,4.20557,3.6668
242,4.06726,3.79756
243,3.90798,3.96827
244,3.79931,4.16674
245,3.76288,4.33353
246,3.53058,4.34746
249.979,2.85098,4.68637
251,2.58414,4.77662
253,2.06339,5.17262
255,1.53475,5.67817
258,0.849635,6.69429
260,0.521002,7.52395
262,0.327261,8.37932
263,0.26851,8.88382
266,0.505738,10.2424
267,0.655385,10.6584
269,0.949757,11.2767
273.351,1.7666,12.4461
274,1.89238,12.6289
276,2.34601,13.0767
278,2.78244,13.3229
281,3.24424,13.5314
283,3.4417,13.7116
287.577,3.80396,14.2016
292.229,4.13615,14.7091
295,4.26561,15.016
299,4.47204,15.6246
300,4.57044,15.6755
301,4.62717,15.9323
303,4.654,16.1742
304,4.84355,16.5721
305,5.02916,16.5
307,5.11596,16.9365
309,5.33858,17.2674
310,5.56797,17.4915
314,6.24439,17.9964
319,7.1504,18.4059
323,7.9101,18.619
324,8.00512,18.551
327,8.35758,18.5476
331,8.66712,18.5783
335,8.88587,18.7654
336,8.99214,18.8612
338,9.18687,18.9689
343,9.71865,19.1728
344,9.84114,19.1283
349.564,10.0345,19.3149
350,10.1391,19.3295
354,10.4157,19.573
359.726,10.9288,19.6365
363,11.118,19.6725
367,11.2489,19.85
370,11.4698,19.9127
370.75,11.3516,19.6817
371.01,11.4256,19.808
371.5,11.3382,19.8121
371.75,11.4461,19.8704
372.25,11.3854,19.7893
372.75,11.3917,19.7811
373.5,11.2591,19.895
375.25,11.3698,19.954
376,11.2288,20.0178
376.25,11.3151,19.9865
376.5,11.1075,20.0771
378.51,11.3493,20.2438
378.75,11.1473,20.3335
379.5,11.2675,20.2803
379.74,11.0661,20.4178
380.25,11.1908,20.4314
380.49,11.0413,20.5787
380.99,10.9673,20.5545
383,11.2083,20.8306
383.5,11.175,20.7468
383.76,10.9695,20.9026
386,11.2678,21.0774
386.5,11.0259,21.1276
386.74,11.0511,21.2518
387.75,10.8746,21.3268
388.25,10.7937,21.4446
388.75,10.658,21.4598
389.5,10.3974,21.7481
390,10.2224,21.8427
391.25,9.4967,22.6379
391.75,9.1917,23.1876
392.25,8.93474,23.9613
392.75,8.75505,24.9822
393,8.86048,25.7464
393.25,9.07352,26.4119
393.49,9.53752,27.2561
393.75,10.2797,27.881
393.99,11.099,28.2816
394.26,12.0065,28.4996
394.5,12.8543,28.5772
394.75,13.7004,28.4991
395.25,15.2607,27.7574
395.5,15.7808,27.2312
395.76,16.0475,26.5823
396.75,16.4384,24.8287
397,16.5086,24.562
397.25,16.4678,24.1553
397.75,16.3678,23.6733
399,15.7643,22.9672
400.26,15.2997,22.6893
401.49,14.8646,22.7178
401.76,14.8742,22.8054
402.25,14.7633,22.8388
402.74,14.7104,22.9924
403.25,14.6573,23.1447
403.5,14.7245,23.2805
403.75,14.7302,23.3142
404,14.8888,23.4613
404.75,15.2009,23.5612
405,15.28,23.4695
405.5,15.3592,23.4172
406.25,15.4784,23.3021
406.5,15.4339,23.3331
407.5,15.5118,23.1313
408.5,15.2802,23.0968
409.26,15.1054,23.3282
409.51,15.0328,23.3322
410.26,14.9135,24.0232
411.26,15.6923,25.2454
411.77,16.5296,25.365
412.49,17.4799,24.9184
412.99,17.9989,24.4975
413.25,18.1358,24.1436
414.5,18.1087,23.1175
414.75,18.0748,23.053
415,17.8969,22.8142
416.75,17.5739,22.2709
417.74,17.4,22.2505
418,17.4,22.1681
419.75,16.9477,22.2657
420,16.9069,22.3594
420.5,16.9217,22.3668
420.75,16.9639,22.6746
421,16.9407,22.4645
421.5,17.0536,22.6295
422.75,17.4223,22.6417
423,17.4238,22.467
423.25,17.4004,22.571
423.5,17.4277,22.4887
424,17.4798,22.5762
424.5,17.4433,22.4228
424.75,17.5516,22.5387
425.01,17.5889,22.4013
425.75,17.603,22.284
427,17.573,22.327
427.25,17.4421,22.2554
429.25,17.3136,22.3439
429.5,17.4238,22.4117
430.26,17.4152,22.4161
431.5,17.4743,22.4748
431.75,17.4426,22.4494
432,17.4802,22.5176
432.25,17.3989,22.4695
432.5,17.5354,22.6994
432.75,17.5645,22.5192
433,17.7261,22.4917
434.25,17.5267,22.6457
435,17.602,22.6283
435.25,17.4814,22.7386
436,17.5626,22.7439
437.5,17.7647,22.9279
437.75,17.6928,22.8802
439.25,17.7848,23.1869
445,18.9619,23.6101
448,19.5261,23.5752
449,19.7144,23.5173
450,20.0331,23.6487
451,20.1448,23.1902
453,20.4573,23.0596
454,20.5896,22.8879
455,20.5087,22.5607
456,20.5586,22.7236
458,20.6527,22.6792
460,20.8335,22.4982
461,20.9196,22.5345
462,20.8481,22.3737
467,21.0834,22.0015
468,21.1637,22.007
469,21.0487,21.8466
470,21.084,22.1161
471,21.3395,22.1599
472,21.246,21.7722
475,21.4243,21.7492
476,21.2596,21.6441
478,21.2229,21.7667
479,21.3836,22.0842
480,21.7389,21.7527
484,21.3354,21.6603
485,21.4065,21.5557
486,21.5577,22.0567
487,21.7189,21.5591
488,21.6858,21.8482
489,21.7875,21.6097
490,21.94,21.7143
493,21.8289,21.4763
496,21.7731,21.6375
497,21.7953,21.612
498,21.8504,21.6793
499,21.8056,21.6512
501,21.8116,21.8728
502,21.9441,22.0572
503,22.0512,21.8156
504,21.9656,22.0221
505,22.1703,22.0888
506,22.2066,22.0449
507,22.1112,21.8619
508,22.1045,22.3984
509,22.3633,22.236
510,22.4267,22.4006
511,22.5218,22.3023
513,22.5547,22.3475
515,22.6391,22.5697
516,22.8437,22.9394
517,23.1527,22.6833
518,23.1722,22.752
519,23.2851,22.7036
521,23.7379,22.9384
522,23.7485,22.5718
523,23.8158,22.8523
524,23.9382,22.6965
525,23.995,22.7614
526,24.1951,22.9786
527,24.3825,22.7099
528,24.6848,23.0106
529,24.7589,22.2907
530,24.4342,22.4065
531,24.7047,22.9888
532,25.1194,22.6245
533,25.3965,22.5419
534,25.3568,22.1008
535,25.0291,21.8848
536,25.334,22.9132
537,25.8244,21.9605
538,25.6353,21.8652
539,25.4762,21.6171
540,25.4161,21.9564
541,25.5275,21.8132
542,25.7506,22.1452
543.01,26.1033,21.7086
544,26.2364,21.5559
545,25.7176,20.5629
546,26.3475,21.6065
549,26.2056,21.4023
550,26.1179,20.961
551,25.8764,21.239
554,26.5224,20.9745
555,26.1842,20.6909
556,26.1415,20.7764
557,26.114,21.055
558,26.305,20.5763
559,26.0379,20.8668
560,26.0171,20.5696
562,26.1676,21.1556
562.99,26.3207,20.8232
564,26.2724,21.1332
565,26.5669,20.8293
566,26.3858,20.8519
567,26.5143,20.744
569.01,26.2225,20.7968
570,26.4698,20.8888
572,26.3607,21.2869
580,27.8004,20.0625
582,27.297,20.137
584,27.0994,19.856
586,26.8593,20.1404
589.99,26.9268,20.4121
599.533,27.7729,20.5036
600,27.8063,20.5081
602,27.8083,20.3636
604,27.9122,20.423
610,28.3558,20.274
612,28.4561,20.1466
614,28.5508,20.1158
620,28.7462,19.8317
630.01,28.9959,19.6391
640,29.3335,19.4223
648,29.5941,19.2809
652,29.7534,19.1561
656,29.8586,19.1121
657.99,29.9756,19.0081
662,30.0292,18.97
664,30.1725,18.8819
674.74,30.3659,18.7183
684,30.6818,18.5804
694,31.1216,18.379
702,31.5017,18.1283
703.99,31.5075,18.0031
710,31.5938,17.8055
712,31.7313,17.8329
714,31.8038,17.6779
722,31.7977,17.4101
724,31.8189,17.4732
728.01,31.7782,17.316
739.785,32.1962,17.0953
744,32.2852,17.0178
748,32.3586,16.9561
750,32.4267,16.9551
758,32.6602,16.7376
768,32.9224,16.4707
770,32.9728,16.4692
772,33.1045,16.3664
774,33.1149,16.3366
776,33.3038,16.1628
788.551,33.1497,15.8333
801.305,33.2778,15.5105
802,33.2851,15.4933
806,33.3566,15.4087
815.99,33.4467,15.3219
829.188,33.6977,15.0785
830.01,33.7753,15.0636
832,33.7563,15.0663
834.01,33.8598,14.973
836,33.8322,14.9468
838,33.9073,14.854
840,33.8254,14.8614
853.586,34.1761,14.546
862,34.3185,14.3564
871.99,34.4123,14.0749
878,34.4113,13.9611
880,34.4381,13.9046
882,34.4094,13.9121
888,34.4865,13.7253
896,34.5671,13.6432
897.99,34.5753,13.5638
899.99,34.5542,13.581
904,34.6758,13.4919
906,34.6621,13.4643
907.99,34.6577,13.3575
916,34.722,13.2798
918,34.739,13.2132
920.01,34.7284,13.2203
922,34.7648,13.1541
924,34.8015,13.2271
926,34.8841,13.0496
928.01,34.8136,13.0382
943.02,34.985,12.7263
958.272,35.0337,12.4218
973.772,35.0353,12.1651
989.522,35.0575,12.0039
1005.53,35.1742,11.8198
1021.79,35.2741,11.5762
1038.32,35.3513,11.3376
1055.11,35.4177,11.1038
1072.18,35.4762,10.8749
1089.52,35.5284,10.6508
1107.14,35.5749,10.4312
1125.05,35.6164,10.2161
1143.24,35.6531,10.0055
1161.73,35.6855,9.79928
1180.52,35.7139,9.59728
1199.62,35.7386,9.39943
1219.02,35.7598,9.20566
1238.74,35.7788,9.01589
1258.77,35.7981,8.83002
1279.13,35.8134,8.64029
1299.82,35.8208,8.45265
1320.85,35.8224,8.26907
1342.21,35.8192,8.08949
1363.92,35.8116,7.9138
1385.98,35.7999,7.74193
1408.4,35.7844,7.57379
1431.18,35.765,7.40931
1454.32,35.7421,7.24839
1477.85,35.7157,7.09097
1501.75,35.6858,6.93697
1526.04,35.6552,6.78632
1550.72,35.6214,6.63329
1575.8,35.5811,6.48153
1601.29,35.5323,6.33325
1627.19,35.4785,6.18836
1653.51,35.4193,6.04679
1680.25,35.3546,5.90844
1707.43,35.2843,5.77327
1735.05,35.2081,5.64119
1763.11,35.1257,5.51213
1791.63,35.0367,5.38602
1820.6,34.9408,5.2628
1850.05,34.8373,5.1424
1879.97,34.7256,5.02475
1910.38,34.6051,4.90979
1941.28,34.4754,4.79747
1972.68,34.3341,4.68573
2004.58,34.1794,4.57558
2037.01,34.0091,4.46803
2069.95,33.8212,4.36299
2103.43,33.6132,4.26044
2137.46,33.3815,4.16029
2172.03,33.1216,4.06249
2207.16,32.827,3.96699
2242.86,32.4891,3.87374
2279.13,32.0953,3.78268
2316,31.6267,3.69376
2353.46,31.0529,3.60694
2391.52,30.3197,3.52215
2430.2,29.3147,3.43935
2469.51,27.7297,3.35851
2493,26.0567,3.31169
2520.1,11.7655,3.25903
2520.3,11.766,11.204
2526,22.0106,11.1674
2566.86,26.8215,10.9111
2592,27.2955,10.7583
2625,21.0984,10.5632
2625.2,21.1046,14.4992
2626,23.8802,14.4931
2668.47,29.6895,14.1719
2711.63,31.2204,13.8578
2755.49,32.2005,13.5507
2800.06,32.8335,13.2504
2839,33.0038,12.9972
2865.4,30.3063,12.8302
2865.6,30.3097,14.5823
2876,33.0633,14.5069
2922.52,34.6194,14.1777
2969.79,35.4837,13.8559
3017.82,36.1595,13.5414
3066.63,36.7285,13.2341
3116.23,37.2237,12.9337
3166.63,37.6632,12.6402
3217.85,38.0588,12.3533
3269.9,38.4199,12.0729
3322.79,38.7534,11.7969
3376.53,39.0586,11.5112
3431.14,39.3346,11.2324
3486.64,39.582,10.9604
3543.03,39.8093,10.695
3600.34,40.0181,10.436
3658.57,40.2105,10.1832
3717.74,40.3884,9.93663
3777.88,40.5532,9.69597
3838.98,40.7074,9.46115
3901.07,40.8546,9.23203
3964.17,40.9913,9.00145
4028.29,41.1149,8.77184
4093.44,41.2262,8.54808
4159.65,41.3274,8.33001
4226.93,41.4199,8.11752
4295.29,41.5045,7.91045
4364.77,41.5819,7.70867
4435.36,41.6528,7.51203
4507.1,41.7177,7.32039
4580,41.7772,7.13365
4654.08,41.8317,6.95168
4729.35,41.8832,6.77435
4805.85,41.9312,6.60155
4883.58,41.9752,6.42872
4962.57,42.0137,6.25797
5042.83,42.0462,6.09175
5124.4,42.0743,5.92995
5207.28,42.0983,5.77245
5291.5,42.1188,5.61913
5377.09,42.1361,5.46987
5464.06,42.1504,5.32459
5552.44,42.1621,5.18316
5642.24,42.1712,5.0455
5733.5,42.1781,4.91149
5826.24,42.1829,4.78102
5920.47,42.1858,4.65404
6016.23,42.187,4.53042
6113.54,42.187,4.41009
6212.42,42.1859,4.29296
6312.9,42.1843,4.17736
6415.01,42.18,4.06303
6518.76,42.1733,3.95183
6624.2,42.1648,3.84368
6731.34,42.1548,3.73849
6840.21,42.1434,3.63618
6950.85,42.1308,3.53667
7063.27,42.1171,3.43987
7177.52,42.1024,3.34573
7293.61,42.0868,3.25417
7411.57,42.0703,3.16511
7531.45,42.0531,3.07849
7653.27,42.0352,2.99424
7777.05,42.0166,2.91229
7902.84,41.9974,2.83259
8030.66,41.9777,2.75507
8160.55,41.9575,2.67967
8292.54,41.9368,2.60633
8426.67,41.9157,2.535
8562.96,41.8942,2.46562
8701.46,41.8724,2.39814
8842.2,41.8504,2.33251
8985.22,41.8283,2.26868
9130.54,41.8058,2.20595
9278.22,41.7828,2.14481
9428.29,41.7593,2.08536
9580.79,41.7354,2.02756
9735.75,41.7112,1.97136
9893.22,41.6866,1.91663
10053.2,41.6618,1.8634
10215.8,41.6366,1.81163
10381.1,41.6111,1.76127
10549,41.5853,1.71229
10719.6,41.5592,1.66464
10893,41.5328,1.6183
11069.2,41.506,1.57323
11248.2,41.4789,1.52939
11430.1,41.4515,1.48676
11615,41.4237,1.4453
11802.9,41.3954,1.40498
11993.8,41.3667,1.36577
12187.8,41.3376,1.32764
12384.9,41.3079,1.29056
12585.2,41.2777,1.25451
12788.8,41.2469,1.21945
12995.6,41.2154,1.18536
13205.8,41.1832,1.15221
13419.4,41.1501,1.11997
13636.4,41.1162,1.08863
13857,41.0812,1.05816
14081.1,41.0451,1.02852
14308.9,41.0077,0.999713
14540.3,40.9689,0.9717
14775.5,40.9284,0.944462
15014.5,40.8861,0.91798
15257.3,40.8416,0.892231
15504.1,40.7947,0.867197
15754.8,40.745,0.842856
16009.7,40.6919,0.81919
16268.6,40.635,0.79618
16531.7,40.5734,0.773808
16799.1,40.5062,0.752056
17070.8,40.4323,0.730907
17347,40.3499,0.710344
17627.5,40.2569,0.690352
17912.6,40.15,0.670913
18202.4,40.0245,0.652013
18496.8,39.8728,0.633637
18795.9,39.682,0.615769
19099.9,39.4272,0.598396
19408.9,39.05,0.581504
19722.8,38.3467,0.565079
20000.3,30.4385,0.551156
20000.5,30.4387,3.7149
20041.8,36.53,3.70285
20366,38.7994,3.61058
20695.4,39.4951,3.52009
21030.1,39.9268,3.43139
21370.2,40.241,3.34446
21715.9,40.4875,3.2593
22067.1,40.6894,3.1759
22424,40.8595,3.09425
22786.7,41.0056,3.01432
23155.3,41.1328,2.93611
23529.8,41.2449,2.8596
23910.4,41.3443,2.78477
24297.1,41.4331,2.71161
24690.1,41.5127,2.64008
25089.4,41.5845,2.57017
25495.2,41.6494,2.50187
25907.6,41.7082,2.43514
26326.6,41.7616,2.36996
26752.5,41.8101,2.30632
27185.2,41.8543,2.24418
27624.8,41.8946,2.18352
28071.7,41.9314,2.12432
28525.7,41.9651,2.06655
28987.1,41.9969,2.01019
29455.9,42.044,1.95521
29932.3,42.0207,1.90158
30000,42.0368,1.89415
